0.070000        0.237220
0.089543        0.036841
0.109970        -0.034122
0.130020        -0.009033
0.130020        -0.087042
0.149960        -0.155010
0.150080        -0.117590
0.170250        -0.144660
0.170380        -0.075550
0.190330        -0.042894
0.190380        -0.083846
0.200400        0.135700
0.200650        0.217040
0.250750        0.329680
0.250880        0.355720
0.300950        0.455980
0.301170        0.591990
0.350970        0.715180
0.351460        0.873650
0.378570        0.834350
0.378570        0.833520
0.378730        0.889710
0.410620        0.886040
0.410630        0.886620
0.443050        0.942480
0.443250        0.944060
0.443350        0.940500
0.480130        0.999110
0.480350        0.996860
0.480510        0.998180
0.520330        1.056100
0.520480        1.055500
0.520520        1.052100
0.564380        1.119100
0.564630        1.118600
0.564660        1.120600
0.611560        1.186300
0.611570        1.192900
0.611610        1.192700
0.663280        1.247000
0.663340        1.254500
0.663440        1.255000
0.719490        1.297700
0.719670        1.302300
0.719680        1.302500
0.779860        1.343400
0.779980        1.346500
0.780110        1.343600
0.845390        1.378700
0.845610        1.379100
0.845670        1.378200
0.916710        1.411300
0.917030        1.411000
0.917060        1.410000
0.994090        1.446100
0.994430        1.441100
0.994430        1.444200
1.077900        1.470500
1.078200        1.472500
1.078200        1.472200
1.169800        1.494300
1.170200        1.494800
1.170200        1.494900
1.268600        1.510200
1.269100        1.509100
1.269200        1.507800
1.376700        1.516500
1.377200        1.514300
1.377200        1.513500
1.492900        1.521400
1.493500        1.517700
1.493500        1.517500
1.619100        1.518600
1.619700        1.518300
1.619800        1.517500
1.754200        1.513700
1.755100        1.512700
1.755200        1.511700
1.903100        1.501500
1.903600        1.502100
1.904400        1.503200
2.064900        1.484900
2.065900        1.485300
2.066500        1.484400
2.240300        1.465600
2.240400        1.467700
2.240800        1.464500
2.430600        1.447500
2.430800        1.448900
2.431200        1.446500
2.635400        1.426900
2.635700        1.428800
2.638900        1.427600
2.856900        1.406600
2.858900        1.406900
2.859700        1.406800
3.100000        1.380100
3.102200        1.379200
3.107100        1.379200
3.361800        1.344300
3.364700        1.344300
3.365100        1.344500
3.650500        1.305200
3.651000        1.302900
3.651200        1.301500
3.954500        1.260400
3.957300        1.261000
3.957500        1.259800
4.289700        1.257900
4.292200        1.259200
4.293300        1.258800
4.651400        1.211300
4.655700        1.214700
4.655800        1.215200
5.049100        1.174500
5.051000        1.171400
5.051400        1.172200
5.464300        1.132300
5.466400        1.129500
5.959400        1.130200
5.960600        1.089200
6.455200        1.089600
6.457700        1.089500
6.951600        1.048000
6.954700        1.047600
7.456000        1.050500
7.460900        0.991350
7.956300        1.005800
7.958300        1.007000
8.454700        0.975490
8.457400        0.971520
8.959900        0.971090
9.458100        0.940220
9.459900        0.939270
9.971000        0.939500
10.559000       0.913430
10.560000       0.908160
11.060000       0.908350
11.060000       0.881600
11.556000       0.877220
11.556000       0.878870
12.055000       0.851850
12.055000       0.849810
12.559000       0.849520
12.559000       0.828030
13.065000       0.824470
13.066000       0.824190
13.566000       0.802310
13.569000       0.798010
14.060000       0.801300
14.064000       0.781920
14.563000       0.776850
14.567000       0.776540
15.074000       0.756860
15.080000       0.755180
16.072000       0.753890
16.072000       0.737290
17.076000       0.732850
17.101000       0.734750
18.070000       0.716750
18.092000       0.717800
19.070000       0.712960
19.111000       0.698760
20.075000       0.698570
20.111000       0.696210
22.043000       0.682920
22.096000       0.680720
24.099000       0.675770
24.154000       0.662160
26.094000       0.657520
26.148000       0.656420
28.076000       0.642860
28.139000       0.646100
30.097000       0.641480
30.167000       0.633180