===================
loc        9
===================
===================
===================
        1         0           1           0    1.000000    0.000000   
        1         0           1           1    1.000000    0.000000   
        1         0           1           2    1.000000    0.000000   
        1         1           1           0    1.000000    0.000000   
        1         1           1           1    1.000000    0.000000   
        1         1           1           2    1.000000    0.000000   
        1         2           1           0    1.000000    0.000000   
        1         2           1           1    1.000000    0.000000   
        1         2           1           2    1.000000    0.000000   
